function ddq_lin = compute_linearized_ddq(in1)
%COMPUTE_LINEARIZED_DDQ
%    DDQ_LIN = COMPUTE_LINEARIZED_DDQ(IN1)

%    This function was generated by the Symbolic Math Toolbox version 8.3.
%    06-Feb-2020 14:46:20

%Version: 1.0
tauL = in1(7,:);
tauR = in1(8,:);
theta = in1(3,:);
t2 = theta.*2.198319327731092e+1;
t3 = -t2;
ddq_lin = [t3+tauL.*1.700280112044818e+1-tauR.*2.997198879551821;t3-tauL.*2.997198879551821+tauR.*1.700280112044818e+1;tauL.*(-2.95e+2./3.57e+2)-tauR.*(2.95e+2./3.57e+2)+theta.*1.044201680672269e+1];
