function ddq_lin_n = compute_linearized_ddq(in1)
%COMPUTE_LINEARIZED_DDQ
%    DDQ_LIN_N = COMPUTE_LINEARIZED_DDQ(IN1)

%    This function was generated by the Symbolic Math Toolbox version 8.3.
%    09-Feb-2020 18:30:40

%Version: 1.0
dphiL = in1(4,:);
dphiR = in1(5,:);
dtheta = in1(6,:);
tauL = in1(7,:);
tauR = in1(8,:);
theta = in1(3,:);
t2 = dtheta.*(1.22e+2./2.47e+2);
t3 = theta.*2.859595141700405e+1;
t4 = -t3;
ddq_lin_n = [dphiL.*(-8.107287449392713)+dphiR.*2.892712550607287+t2+t4+tauL.*3.795546558704453e+1-tauR.*1.204453441295547e+1;dphiL.*2.892712550607287-dphiR.*8.107287449392713+t2+t4-tauL.*1.204453441295547e+1+tauR.*3.795546558704453e+1;dphiL.*(2.75e+2./9.88e+2)+dphiR.*(2.75e+2./9.88e+2)-dtheta.*(5.9e+1./9.88e+2)-tauL.*(8.75e+2./4.94e+2)-tauR.*(8.75e+2./4.94e+2)+theta.*1.310647773279352e+1];
