function ddq_lin = compute_linearized_ddq(theta,dtheta,tauL,tauR)
%COMPUTE_LINEARIZED_DDQ
%    DDQ_LIN = COMPUTE_LINEARIZED_DDQ(THETA,DTHETA,TAUL,TAUR)

%    This function was generated by the Symbolic Math Toolbox version 8.3.
%    03-Dec-2019 18:18:08

%Version: 1.1
ddq_lin = [tauL.*(-1.425389755011136e+2)-tauR.*1.603563474387528e+2+theta.*7.147597836461979e+1;tauL.*1.746102449888641e+3-tauR.*3.56347438752784e+1-theta.*1.398307349665924e+2;tauL.*(-3.56347438752784e+1)+tauR.*1.959910913140312e+3-theta.*1.573095768374165e+2];
