function ddq_lin = compute_linearized_ddq(theta,dtheta,tauL,tauR)
%COMPUTE_LINEARIZED_DDQ
%    DDQ_LIN = COMPUTE_LINEARIZED_DDQ(THETA,DTHETA,TAUL,TAUR)

%    This function was generated by the Symbolic Math Toolbox version 8.3.
%    31-Jan-2020 10:51:35

%Version: 1.1
ddq_lin = [tauL.*(-2.062582103773285)-tauR.*1.025215319649573e+1+theta.*5.484921114103734e+1;tauL.*6.562326971864391e+1-tauR.*4.011707731530505e+1-theta.*8.149822501824052e+1;tauL.*(-4.011707731530505e+1)+tauR.*1.66896705384389e+2-theta.*4.050904381459345e+2];
