image_width: 1280
image_height: 720
camera_name: head_camera
camera_matrix:
  rows: 3
  cols: 3
  data: [1527.980215616462, 0, 612.8076175369492, 0, 1521.259695628019, 321.3136819432931, 0, 0, 1]
distortion_model: plumb_bob
distortion_coefficients:
  rows: 1
  cols: 5
  data: [0.03730894184074584, 0.1991864665163079, -0.006330547796626787, -0.005520685809729967, 0]
rectification_matrix:
  rows: 3
  cols: 3
  data: [1, 0, 0, 0, 1, 0, 0, 0, 1]
projection_matrix:
  rows: 3
  cols: 4
  data: [1556.912719726562, 0, 609.4305902700617, 0, 0, 1551.547973632812, 318.8328537185371, 0, 0, 0, 1, 0]